4294967293,131
4294967293,130
4294967293,129
4294967293,128
4294967293,127
4294967293,126
4294967293,125
4294967293,124
4294967293,123
4294967293,122
4294967293,121
4294967293,120
4294967293,119
4294967293,118
4294967293,117
4294967293,116
4294967293,115
4294967293,114
4294967293,113
4294967293,112
4294967293,111
4294967293,110
4294967293,109
4294967293,108
4294967293,107
4294967293,106
4294967293,105
4294967293,104
4294967293,103
4294967293,102
4294967293,101
4294967293,100
4294967293,99
4294967293,98
4294967293,97
4294967293,96
4294967293,95
4294967293,94
4294967293,93
4294967293,92
4294967293,91
4294967293,90
4294967293,89
4294967293,87
4294967293,86
4294967293,85
4294967293,84
4294967293,83
4294967293,82
4294967293,81
4294967293,80
4294967293,79
4294967293,78
4294967293,77
4294967293,76
4294967293,75
4294967293,74
4294967293,73
4294967293,72
4294967293,71
4294967293,70
4294967293,69
4294967293,68
4294967293,67
4294967293,66
4294967293,65
4294967293,64
4294967293,63
4294967293,62
4294967293,61
4294967293,60
4294967293,59
4294967293,58
4294967293,57
4294967293,56
4294967293,55
4294967293,54
4294967293,53
4294967293,52
4294967293,51
4294967293,50
4294967293,49
4294967293,48
4294967293,47
4294967293,46
4294967293,45
4294967293,44
4294967293,43
4294967293,42
4294967293,41
4294967293,40
4294967293,39
4294967293,38
4294967293,37
4294967293,36
4294967293,35
4294967293,34
4294967293,33
4294967293,32
4294967293,31
4294967293,30
4294967293,29
4294967293,28
4294967293,27
4294967293,26
4294967293,25
4294967293,24
4294967293,23
4294967293,22
4294967293,21
4294967293,20
4294967293,19
4294967293,18
4294967293,17
4294967293,16
4294967293,15
4294967293,14
4294967293,13
4294967293,12
4294967293,11
4294967293,10
4294967293,9
4294967293,8
4294967293,7
4294967293,6
4294967293,5
4294967293,4
4294967293,3
4294967278,132
4294967278,131
4294967278,130
4294967278,129
4294967278,128
4294967278,127
4294967278,126
4294967278,125
4294967278,124
4294967278,123
4294967278,122
4294967278,121
4294967278,120
4294967278,119
4294967278,118
4294967278,117
4294967278,116
4294967278,115
4294967278,114
4294967278,113
4294967278,112
4294967278,111
4294967278,110
4294967278,109
4294967278,108
4294967278,225
4294967278,107
4294967278,106
4294967278,105
4294967278,215
4294967278,102
4294967278,97
4294967278,92
4294967278,86
4294967278,81
4294967278,76
4294967278,75
4294967278,74
4294967278,73
4294967278,72
4294967278,71
4294967278,69
4294967278,66
4294967278,64
4294967278,61
4294967278,60
4294967278,56
4294967278,55
4294967278,53
4294967278,52
4294967278,51
4294967278,50
4294967278,48
4294967278,47
4294967278,46
4294967278,45
4294967278,44
4294967278,43
4294967278,42
4294967278,41
4294967278,40
4294967278,342
4294967278,39
4294967278,36
4294967278,35
4294967278,34
4294967278,0
4294967278,260
4294967278,31
4294967278,30
4294967278,29
4294967278,26
4294967278,25
4294967278,23
4294967278,21
4294967278,20
4294967278,18
4294967278,277
4294967278,16
4294967278,15
4294967278,14
4294967278,265
4294967278,13
4294967278,11
4294967278,10
4294967278,280
4294967278,8
4294967278,7
4294967278,6
4294967278,5
4294967278,4
4294967278,273
4294967279,132
4294967279,129
4294967279,128
4294967279,124
4294967279,123
4294967279,122
4294967279,119
4294967279,118
4294967279,117
4294967279,114
4294967279,113
4294967279,111
4294967279,110
4294967279,109
4294967279,104
4294967279,95
4294967279,89
4294967279,86
4294967279,82
4294967279,346
4294967279,0
4294967279,77
4294967279,76
4294967279,75
4294967279,74
4294967279,73
4294967279,71
4294967279,70
4294967279,67
4294967279,66
4294967279,56
4294967279,51
4294967279,50
4294967279,41
4294967279,40
4294967279,35
4294967279,26
4294967279,25
4294967279,24
4294967279,21
4294967279,20
4294967279,19
4294967279,15
4294967279,14
4294967279,13
4294967279,11
4294967279,10
4294967279,8
4294967279,7
4294967279,6
4294967279,5
4294967279,4
4294967294,1437
4294967294,1563
4294967294,1562
4294967294,1560
4294967294,1637
4294967294,432
4294967294,1428
4294967294,82
4294967294,84
4294967294,1741
4294967294,1636
4294967294,8
4294967294,9
4294967279,271
4294967279,403
4294967278,343
4294967279,402
4294967294,1121
4294967294,1120
4294967294,1107
4294967294,1099
4294967294,1090
4294967294,1143
4294967294,743
4294967294,742
4294967294,741
4294967294,739
4294967294,568
4294967294,734
4294967294,733
4294967294,729
4294967294,728
4294967294,727
4294967294,726
4294967294,724
4294967294,723
4294967294,711
4294967294,701
4294967294,685
4294967294,660
4294967294,561
4294967294,656
4294967294,654
4294967294,652
4294967294,650
4294967294,649
4294967294,648
4294967294,645
4294967294,640
4294967294,638
4294967294,636
4294967294,635
4294967294,634
4294967294,632
4294967294,630
4294967294,629
4294967294,628
4294967294,625
4294967294,624
4294967294,617
4294967294,615
4294967294,613
4294967294,611
4294967294,607
4294967294,605
4294967294,604
4294967294,603
4294967294,602
4294967294,601
4294967294,600
4294967294,599
4294967294,598
4294967294,597
4294967294,596
4294967294,595
4294967294,594
4294967294,593
4294967294,592
4294967294,590
4294967294,589
4294967294,588
4294967294,586
4294967294,584
4294967294,583
4294967294,582
4294967294,581
4294967294,580
4294967294,554
4294967294,318
4294967294,313
4294967294,308
4294967294,298
4294967294,295
4294967294,294
4294967294,280
4294967294,271
4294967294,267
4294967294,265
4294967294,264
4294967294,544
4294967294,258
4294967294,255
4294967294,254
4294967294,253
4294967294,240
4294967294,238
4294967294,203
4294967294,201
4294967294,200
4294967294,198
4294967294,196
4294967294,195
4294967294,194
4294967294,192
4294967294,533
4294967294,521
4294967294,1739
4294967294,915
4294967294,1634
4294967294,1435
4294967294,941
4294967294,1736
4294967294,433
4294967294,1632
4294967294,1633
4294967294,1635
4294967294,1410
4294967294,980
4294967294,1733
4294967294,1132
4294967294,437
4294967294,1139
4294967294,1559
4294967294,1558
4294967294,1734
4294967294,1089
1,0
4294967294,1554
4294967294,1553
4294967294,1557
4294967294,1556
4294967294,944
4294967294,1128
4294967294,1552
4294967294,1555
4294967294,1412
4294967294,1426
4294967294,1138
4294967279,398
4294967278,253
4294967279,251
4294967279,233
4294967279,231
4294967279,219
4294967279,401
4294967278,341
4294967278,340
4294967278,339
4294967279,400
4294967278,338
4294967279,399
4294967278,337
4294967294,1653
4294967294,1732
4294967294,1551
4294967294,1550
4294967294,1549
4294967294,1730
4294967294,1548
4294967294,1547
4294967294,1545
4294967294,1546
4294967294,1434
4294967294,395
4294967294,1544
4294967294,1729
4294967294,1728
4294967294,1543
4294967294,1542
4294967294,1607
4294967294,1464
4294967294,1605
4294967294,1600
4294967294,1135
4294967294,1130
4294967294,1663
4294967294,1611
4294967294,1608
4294967294,1731
4294967294,137
4294967294,1469
4294967294,1466
4294967294,1459
4294967294,1450
4294967294,130
4294967294,1443
4294967294,144
4294967294,430
4294967294,125
4294967294,425
4294967294,1465
4294967294,979
4294967294,971
4294967294,970
4294967294,968
4294967294,967
4294967294,1421
4294967294,1467
4294967294,1127
4294967294,1603
4294967294,1462
4294967294,1609
4294967294,1460
4294967294,427
4294967294,781
4294967294,455
4294967294,454
4294967294,1452
4294967294,135
4294967294,1420
4294967294,1430
4294967294,445
4294967294,1610
4294967294,1455
4294967294,1456
4294967294,1740
4294967294,1447
4294967294,389
4294967294,1411
4294967294,442
4294967294,1457
4294967294,1461
4294967294,1088
4294967294,460
4294967294,1136
4294967294,1117
4294967294,370
4294967294,369
4294967294,368
4294967294,367
4294967294,366
4294967294,364
4294967294,363
4294967294,362
4294967294,361
4294967294,360
4294967294,359
4294967294,358
4294967294,357
4294967294,356
4294967294,355
4294967294,365
4294967294,354
4294967279,137
4294967278,270
4294967278,336
4294967279,397
4294967279,246
4294967279,396
4294967278,334
4294967278,332
4294967278,335
4294967278,331
4294967279,395
4294967279,394
4294967279,392
4294967278,333
4294967278,330
4294967278,329
4294967278,328
4294967278,237
4294967279,229
4294967294,392
4294967294,452
4294967294,453
4294967294,449
4294967294,391
4294967294,191
4294967294,420
4294967294,398
4294967294,405
4294967294,404
4294967294,408
4294967294,397
4294967294,190
4294967294,401
4294967294,400
4294967294,785
4294967294,416
4294967294,179
4294967294,183
4294967294,451
4294967294,450
4294967294,784
4294967294,353
4294967294,352
4294967294,351
4294967294,350
4294967294,349
4294967294,347
4294967294,329
4294967294,328
4294967294,327
4294967294,326
4294967294,325
4294967294,324
4294967294,323
4294967294,322
4294967294,321
4294967294,348
4294967294,320
4294967294,346
4294967294,345
4294967294,344
4294967294,343
4294967294,342
4294967294,340
4294967294,339
4294967294,338
4294967294,337
4294967294,336
4294967294,335
4294967294,334
4294967294,333
4294967294,332
4294967294,0
4294967294,331
4294967294,341
4294967294,330
4294967294,31
4294967294,1093
4294967294,1802
4294967294,1134
4294967294,1601
4294967294,1095
4294967294,1808
4294967279,393
4294967279,380
4294967278,570
4294967278,569
4294967278,568
4294967278,250
4294967278,567
4294967278,566
4294967278,249
4294967278,565
4294967279,253
4294967278,564
4294967278,563
4294967278,562
4294967278,561
4294967278,560
4294967278,244
4294967279,244
4294967278,559
4294967278,242
4294967278,239
4294967278,558
4294967278,557
4294967278,233
4294967278,231
4294967278,229
4294967278,227
4294967279,227
4294967278,223
4294967278,221
4294967279,366
4294967278,551
4294967278,537
4294967278,520
4294967279,330
4294967278,517
4294967279,329
4294967278,317
4294967278,316
4294967278,315
4294967278,314
4294967278,312
4294967278,311
4294967279,314
4294967278,309
4294967278,308
4294967278,307
4294967278,306
4294967278,305
